-2876,340
-2871,1962
-2866,1806
-2861,1369
-2856,1044
-2851,830
-2846,685
-2841,585
-2836,512
-2831,468
-2826,430
-2821,1091
-2816,2400
-2811,2920
-2806,3863
-2801,4289
-2796,4026
-2791,3722
-2786,3786
-2781,3755
-2776,3248
-2771,2875
-2766,2629
-2761,2254
-2756,2028
-2751,1749
-2746,1414
-2741,1333
-2736,946
-2731,587
-2726,425
-2721,309
-2716,262
-2711,417
-2706,666
-2701,1011
-2696,1092
-2691,1126
-2686,1270
-2681,1399
-2676,1506
-2671,1324
-2666,1253
-2661,1176
-2656,1033
-2651,930
-2646,703
-2641,614
-2636,505
-2631,341
-2626,244
-2621,149
-2616,445
-2611,316
-2606,346
-2601,342
-2596,205
-2591,201
-2586,95
-2581,37
-2576,-21
-2571,-45
-2566,-72
-2561,-99
-2556,-87
-2551,-94
-2546,-103
-2541,-106
-2536,-102
-2531,-126
-2526,-120
-2521,-97
-2516,-106
-2511,-83
-2506,-67
-2501,-76
-2496,-66
-2491,-56
-2486,-45
-2481,-57
-2476,-50
-2471,-40
-2466,-56
-2461,-46
-2456,-39
-2451,-46
-2446,-55
-2441,-65
-2436,-48
-2431,-41
-2426,-62
-2421,-42
-2416,-67
-2411,-49
-2406,-44
-2401,-43
-2396,-40
-2391,-33
-2386,-29
-2381,-10
-2376,-42
-2371,-30
-2366,-20
-2361,-25
-2356,-27
-2351,-16
-2346,-8
-2341,-21
-2336,-34
-2331,-6
-2326,-15
-2321,-18
-2316,-15
-2311,-17
-2306,-10
-2301,-18
-2296,-19
-2291,-10
-2286,-20
-2281,-5
-2276,-17
-2271,-55
-2266,-27
-2261,-5
-2256,-7
-2251,-16
-2246,-20
-2241,-4
-2236,9
-2231,-10
-2226,-2
-2221,-3
-2216,-16
-2211,-4
-2206,-6
-2201,7
-2196,-4
-2191,-11
-2186,4
-2181,-6
-2176,4
-2171,-2
-2166,-13
-2161,3
-2156,-2
-2151,20
-2146,0
-2141,-2
-2136,25
-2131,9
-2126,12
-2121,2
-2116,-1
-2111,13
-2106,11
-2101,8
-2096,25
-2091,3
-2086,19
-2081,24
-2076,7
-2071,17
-2066,9
-2061,15
-2056,31
-2051,20
-2046,26
-2041,25
-2036,6
-2031,24
-2026,17
-2021,10
-2016,6
-2011,12
-2006,28
-2001,25
-1996,31
-1991,13
-1986,10
-1981,34
-1976,22
-1971,30
-1966,24
-1961,13
-1956,24
-1951,20
-1946,13
-1941,23
-1936,33
-1931,29
-1926,36
-1921,32
-1916,27
-1911,31
-1906,38
-1901,47
-1896,32
-1891,28
-1886,32
-1881,38
-1876,37
-1871,43
-1866,36
-1861,32
-1856,25
-1851,36
-1846,42
-1841,25
-1836,43
-1831,24
-1826,29
-1821,44
-1816,37
-1811,39
-1806,32
-1801,32
-1796,43
-1791,43
-1786,48
-1781,56
-1776,39
-1771,42
-1766,38
-1761,36
-1756,32
-1751,57
-1746,60
-1741,55
-1736,45
-1731,32
-1726,51
-1721,56
-1716,54
-1711,45
-1706,45
-1701,48
-1696,49
-1691,65
-1686,42
-1681,61
-1676,63
-1671,34
-1666,47
-1661,49
-1656,43
-1651,42
-1646,48
-1641,53
-1636,43
-1631,39
-1625,36
-1620,47
-1615,55
-1610,53
-1605,62
-1600,44
-1595,48
-1590,64
-1585,70
-1580,47
-1575,57
-1570,49
-1565,53
-1560,51
-1555,62
-1550,63
-1545,56
-1540,50
-1535,61
-1530,66
-1525,76
-1520,70
-1515,53
-1510,76
-1505,68
-1500,57
-1495,70
-1490,60
-1485,51
-1480,51
-1475,61
-1470,63
-1465,58
-1460,63
-1455,61
-1450,73
-1445,83
-1440,49
-1435,42
-1430,66
-1425,60
-1420,67
-1415,51
-1410,61
-1405,54
-1400,46
-1395,68
-1390,60
-1385,60
-1380,66
-1375,61
-1370,70
-1365,73
-1360,81
-1355,77
-1350,70
-1345,69
-1340,66
-1335,59
-1330,64
-1325,60
-1320,51
-1315,55
-1310,73
-1305,67
-1300,75
-1295,56
-1290,68
-1285,81
-1280,60
-1275,64
-1270,58
-1265,63
-1260,77
-1255,65
-1250,64
-1245,64
-1240,76
-1235,75
-1230,76
-1225,77
-1220,67
-1215,75
-1210,73
-1205,60
-1200,77
-1195,86
-1190,76
-1185,85
-1180,94
-1175,65
-1170,86
-1165,76
-1160,92
-1155,78
-1150,68
-1145,84
-1140,70
-1135,64
-1130,69
-1125,66
-1120,66
-1115,77
-1110,78
-1105,90
-1100,75
-1095,35
-1090,68
-1085,36
-1080,46
-1075,34
-1070,40
-1065,31
-1060,29
-1055,25
-1050,36
-1045,23
-1040,35
-1035,44
-1030,41
-1025,65
-1020,63
-1015,56
-1010,63
-1005,85
-1000,72
-995,78
-990,72
-985,82
-980,75
-975,79
-970,83
-965,73
-960,86
-955,99
-950,96
-945,93
-940,81
-935,77
-930,79
-925,98
-920,99
-915,76
-910,71
-905,82
-900,78
-895,107
-890,93
-885,83
-880,82
-875,85
-870,88
-865,93
-860,98
-855,78
-850,79
-845,85
-840,78
-835,77
-830,87
-825,77
-820,85
-815,95
-810,95
-805,76
-800,77
-795,77
-790,87
-785,93
-780,96
-775,96
-770,72
-765,85
-760,84
-755,88
-750,104
-745,107
-740,109
-735,91
-730,90
-725,89
-720,85
-715,87
-710,95
-705,91
-700,98
-695,96
-690,89
-685,84
-680,88
-675,87
-670,81
-665,73
-660,100
-655,91
-650,93
-645,95
-640,83
-635,85
-630,95
-625,87
-620,105
-615,111
-610,88
-605,79
-600,81
-595,83
-590,79
-585,69
-580,87
-575,86
-570,95
-565,106
-560,89
-555,91
-550,116
-545,94
-540,99
-535,94
-530,91
-525,102
-520,99
-515,103
-510,111
-505,94
-500,104
-495,91
-490,83
-485,90
-480,91
-475,82
-470,88
-465,94
-460,91
-455,91
-450,102
-445,96
-440,95
-435,110
-430,112
-425,98
-420,92
-415,76
-410,82
-405,107
-400,92
-395,100
-390,111
-385,79
-380,84
-375,84
-370,111
-365,109
-360,92
-355,103
-350,102
-345,114
-340,98
-335,89
-330,100
-325,122
-320,94
-315,99
-310,101
-305,103
-300,95
-295,88
-290,125
-285,108
-280,99
-275,85
-270,79
-265,100
-260,104
-255,84
-250,102
-245,91
-240,92
-235,97
-230,81
-225,89
-220,97
-215,86
-210,92
-205,89
-200,93
-195,96
-190,83
-185,85
-180,92
-175,93
-170,89
-165,91
-160,77
-155,90
-150,81
-145,242
-140,272
-135,413
-130,444
-125,437
-120,406
-115,314
-110,303
-105,305
-100,341
-95,322
-90,293
-85,273
-80,274
-75,190
-70,115
-65,104
-60,104
-55,60
-50,62
-45,47
-40,55
-35,69
-30,89
-25,100
-20,100
-15,94
-10,105
-5,89
0,87
5,96
10,101
15,102
20,105
25,104
30,98
35,109
40,140
45,221
50,309
55,342
60,390
65,418
70,362
75,402
80,436
85,409
90,441
95,483
100,521
105,714
110,753
115,732
120,871
125,809
130,696
135,812
140,756
145,663
150,680
155,697
160,707
165,810
170,837
175,870
180,817
185,813
190,877
195,789
200,777
205,950
210,860
215,857
220,983
225,886
230,864
235,1059
240,974
245,875
250,1032
255,999
260,843
265,963
270,922
275,836
280,892
285,869
290,916
295,903
300,955
305,989
310,894
315,909
320,1047
325,888
330,848
335,935
340,845
345,768
350,891
355,837
360,743
365,938
370,868
375,773
380,858
385,734
390,684
395,857
400,886
405,849
410,920
415,947
420,871
425,802
430,733
435,779
440,765
445,804
450,1005
455,981
460,916
465,1220
470,1112
475,995
480,1165
485,1109
490,1018
495,1155
500,1110
505,1036
510,1101
515,1132
520,1110
525,1091
530,1046
535,1139
540,984
545,996
550,1092
555,949
560,964
565,1051
570,896
575,834
580,1015
585,940
590,827
595,969
600,899
605,795
610,920
615,897
620,882
625,948
630,900
635,946
640,925
645,936
650,1035
655,930
660,972
665,1140
670,978
675,930
680,1073
685,979
690,882
695,1090
700,1021
705,881
710,1051
715,1038
720,919
725,1018
730,1051
735,1020
740,975
745,1004
750,1029
755,957
760,994
765,1121
770,970
775,935
780,1076
785,940
790,873
795,1110
800,1021
805,859
810,1059
815,1055
820,898
825,1006
830,881
835,865
840,951
845,990
850,998
855,966
860,946
865,1011
870,886
875,916
880,1002
885,935
890,963
895,1184
900,1033
905,1024
910,1243
915,1200
920,1067
925,1192
930,1088
935,955
940,1094
945,1050
950,996
955,1015
960,970
965,954
970,936
975,969
980,1016
985,903
990,933
995,1115
1000,1018
1005,1007
1010,1069
1015,1051
1020,930
1025,1023
1030,982
1035,1046
1040,979
1045,966
1050,1093
1055,1054
1060,878
1065,964
1070,1005
1075,1039
1080,954
1085,913
1090,1071
1095,1030
1100,898
1105,957
1110,928
1115,1007
1120,919
1125,908
1130,1053
1135,996
1140,860
1145,946
1150,960
1155,1045
1160,916
1165,949
1170,1077
1175,985
1180,852
1185,951
1190,974
1195,983
1200,913
1205,950
1210,1149
1215,1045
1220,931
1225,1063
1230,1079
1235,1032
1240,996
1245,1044
1250,1204
1255,1065
1260,1002
1265,1188
1270,1173
1275,1124
1280,1135
1285,1197
1290,1295
1295,1157
1300,1126
1305,1298
1310,1221
1315,1056
1320,1163
1325,1198
1330,1194
1335,1117
1340,1145
1345,1290
1350,1119
1355,999
1360,1202
1365,1211
1370,1091
1375,1215
1380,1244
1385,1388
1390,1345
1395,1282
1400,1639
1405,1512
1410,1263
1415,1302
1420,1279
1425,1257
1430,1177
1435,1223
1440,1470
1445,1345
1450,1238
1455,1415
1460,1448
1465,1291
1470,1361
1475,1390
1480,1388
1485,1248
1490,1263
1495,1523
1500,1496
1505,1345
1510,1600
1515,1631
1520,1526
1525,1457
1530,1638
1535,1789
1540,1516
1545,1455
1550,1394
1555,1447
1560,1328
1565,1272
1570,1252
1575,1554
1580,1464
1585,1316
1590,1353
1595,1420
1600,1520
1605,1359
1610,1221
1615,1311
1620,1286
1625,1255
1630,1123
1635,1084
1640,1241
1645,1250
1650,1169
1655,1134
1660,1204
1665,1466
1670,1382
1675,1238
1680,1306
1685,1355
1690,1533
1695,1383
1700,1308
1705,1531
1710,1571
1715,1499
1720,1350
1725,1353
1730,1586
1735,1488
1740,1332
1745,1440
1750,1519
1755,1576
1760,1363
1765,1263
1770,1477
1775,1428
1780,1310
1785,1343
1790,1418
1795,1636
1800,1490
1805,1352
1810,1540
1815,1597
1820,1564
1825,1466
1830,1539
1835,1843
1840,1679
1845,1515
1850,1748
1855,1849
1860,1764
1865,1621
1870,1666
1875,1946
1880,1820
1885,1578
1890,1743
1895,1786
1900,1845
1905,1648
1910,1658
1915,1916
1920,1760
1925,1582
1930,1774
1935,1879
1940,1931
1945,1728
1950,1754
1955,2032
1960,1838
1965,1577
1970,1743
1975,1762
1980,1607
1985,1537
1990,1567
1995,1640
2000,1256
2005,985
2010,1067
2015,1079
2020,1230
2025,1372
2030,1520
2035,1586
2040,1581
2045,1534
2050,1405
2055,1256
2060,1307
2065,1496
2070,1495
2075,1474
2080,1556
2085,1449
2090,1508
2095,1609
2100,1624
2105,1722
2110,1574
2115,1780
2120,2057
2125,2353
2130,2201
2135,2161
2140,2435
2145,2421
2150,2209
2155,2139
2160,2254
2165,2704
2170,2312
2175,2145
2180,2410
2185,2283
2190,2145
2195,2037
2200,2100
2205,2294
2210,2045
2215,1837
2220,2030
2225,1968
2230,1921
2235,1817
2240,1876
2245,2110
2250,1944
2255,1788
2260,1995
2265,2016
2270,1942
2275,1855
2280,2019
2285,2109
2290,1843
2295,1703
2300,1896
2305,1899
2310,1906
2315,1931
2320,2076
2325,2245
2330,1996
2335,1947
2340,2273
2345,2169
2350,1927
2355,2147
2360,2243
2365,2256
2370,2073
2375,2198
2380,2362
2385,2126
2390,1990
2395,2239
2400,2165
2405,1946
2410,2080
2415,2255
2420,2242
2425,2013
2430,2143
2435,2331
2440,2091
2445,1932
2450,2173
2455,2079
2460,1902
2465,2134
2470,2382
2475,2432
2480,2251
2485,2524
2490,2768
2495,2425
2500,2384
2505,2682
2510,2473
2515,2170
2520,2371
2525,2361
2530,2186
2535,2240
2540,2357
2545,2319
2550,2203
2555,2120
2560,2346
2565,2343
2570,2329
2575,2187
2580,2299
2585,2559
2590,2409
2595,2185
2600,2196
2605,2312
2610,2443
2615,2191
2620,2079
2625,2399
2630,2380
2635,2329
2640,2201
2645,2381
2650,2698
2655,2600
2660,2410
2665,2557
2670,2698
2675,2772
2680,2434
2685,2299
2690,2533
2695,2479
2700,2291
2705,2296
2710,2414
2715,2618
2720,2318
2725,2183
2730,2479
2735,2498
2740,2413
2745,2354
2750,2572
2755,2784
2760,2371
2765,2088
2770,2423
2775,2369
2780,2250
2785,2221
2790,2410
2795,2590
2800,2345
2805,2309
2810,2621
2815,2592
2820,2375
2825,2479
2830,2732
2835,2775
2840,2523
2845,2640
2850,2912
2855,2757
2860,2493
2865,2806
2870,2935
2875,2846
2880,2615
2885,2774
2890,3031
2895,2701
2900,2488
2905,2857
2910,2777
2915,2575
2920,2587
2925,2702
2930,2761
2935,2439
2940,2562
2945,2943
2950,2684
2955,2465
2960,2874
2965,2918
2970,2664
2975,2617
2980,2889
2985,2906
2990,2514
2995,2668
3000,3047
3005,2796
3010,2581
3015,2892
3020,2810
3025,2619
3030,2753
3035,2994
3040,3041
3045,2641
3050,2807
3055,3146
3060,2808
3065,2688
3070,3138
3075,2987
3080,2588
3085,2892
3090,3021
3095,2853
3100,2797
3105,3048
3110,3081
3115,2718
3120,2903
3125,3342
3130,3008
3135,2832
3140,3241
3145,3124
3150,2742
3155,2989
3160,3138
3165,2954
3170,2894
3175,3287
3180,3345
3185,2903
3190,3208
3195,3552
3200,3155
3205,3039
3210,3438
3215,3266
3220,2877
3225,3175
3230,3449
3235,3185
3240,3155
3245,3440
3251,3426
3256,2957
3261,3175
3266,3467
3271,3044
3276,2965
3281,3471
3286,3354
3291,2957
3296,3347
3301,3286
3306,3019
3311,2949
3316,3155
3321,3173
3326,2932
3331,2975
3336,2880
3341,2595
3346,2371
3351,2868
3356,3041
3361,2954
3366,2852
3371,2946
3376,3145
3381,2825
3386,2611
3391,2949
3396,2868
3401,2655
3406,2604
3411,2992
3416,3354
3421,2957
3426,2781
3431,3212
3436,3166
3441,2930
3446,3128
3451,3369
3456,3342
3461,3025
3466,3198
3471,3530
3476,3200
3481,3026
3486,3509
3491,3536
3496,3143
3501,3184
3506,3519
3511,3490
3516,3138
3521,3360
3526,3751
3531,3404
3536,3136
3541,3537
3546,3548
3551,3225
3556,3303
3561,3746
3566,3684
3571,3292
3576,3498
3581,3705
3586,3390
3591,3217
3596,3640
3601,3602
3606,3219
3611,3454
3616,3628
3621,3476
3626,3282
3631,3648
3636,3965
3641,3533
3646,3488
3651,3917
3656,3683
3661,3329
3666,3598
3671,3871
3676,3577
3681,3383
3686,3783
3691,3884
3696,3458
3701,3549
3706,4063
3711,3866
3716,3483
3721,3825
3726,3913
3731,3572
3736,3532
3741,3902
3746,3972
3751,3522
3756,3628
3761,3879
3766,3577
3771,3176
3776,3522
3781,3416
3786,2764
3791,2716
3796,2838
3801,3327
3806,3074
3811,3071
3816,3441
3821,3321
3826,3247
3831,3204
3836,3405
3841,3658
3846,3302
3851,3236
3856,3878
3861,3969
3866,3496
3871,3353
3876,3473
3881,3494
3886,3130
3891,3239
3896,3783
3901,3578
3906,3257
3911,3586
3916,3700
3921,3514
3926,3316
3931,3566
3936,3721
3941,3390
3946,3455
3951,4000
3956,3890
3961,3600
3966,4008
3971,4247
3976,3935
3981,3728
3986,4046
3991,4148
3996,3700
4001,3707
4006,4075
4011,3875
4016,3570
4021,3899
4026,3925
4031,3592
4036,3655
4041,4054
4046,4013
4051,3717
4056,4029
4061,4408
4066,4010
4071,3850
4076,4261
4081,3996
4086,3464
4091,3759
4096,3868
4101,3660
4106,3660
4111,4082
4116,4192
4121,3875
4126,3996
4131,4327
4136,3976
4141,3742
4146,4239
4151,4039
4156,3488
4161,3750
4166,3984
4171,3766
4176,3848
4181,4366
4186,4302
4191,3939
4196,4351
4201,4498
4206,3995
4211,4002
4216,4376
4221,4056
4226,3739
4231,4207
4236,4149
4241,3729
4246,4080
4251,4247
4256,3762
4261,3783
4266,4283
4271,4132
4276,3856
4281,4175
4286,4294
4291,3879
4296,4041
4301,4276
4306,3858
4311,3729
4316,4281
4321,3632
4326,3107
4331,3323
4336,3651
4341,3472
4346,3273
4351,3242
4356,3659
4361,3575
4366,3386
4371,3599
4376,3857
4381,3842
4386,3576
4391,3580
4396,4165
4401,4032
4406,3672
4411,4025
4416,4274
4421,4071
4426,3752
4431,3963
4436,4196
4441,3830
4446,3675
4451,4266
4456,4341
4461,3878
4466,4113
4471,4521
4476,4393
4481,4063
4486,4409
4491,4721
4496,4244
4501,4141
4506,4675
4511,4523
4516,3896
4521,4169
4526,4649
4531,4371
4536,4078
4541,4495
4546,4745
4551,4263
4556,4455
4561,4790
4566,4539
4571,4078
4576,4553
4581,4703
4586,4357
4591,4319
4596,4842
4601,4749
4606,4296
4611,4537
4616,4788
4621,4375
4626,4122
4631,4666
4636,4611
4641,4095
4646,4474
4651,4864
4656,4461
4661,4330
4666,4874
4671,4849
4676,4348
4681,4533
4686,4864
4691,4442
4696,4213
4701,4784
4706,4628
4711,4066
4716,4510
4721,4842
4726,4420
4731,4443
4736,5056
4741,4861
4746,4471
4751,4758
4756,5052
4761,4606
4766,4532
4771,4971
4776,4662
4781,4215
4786,4819
4791,4936
4796,4372
4801,4630
4806,4962
4811,4607
4816,4462
4821,5135
4826,5043
4831,4508
4836,4870
4841,5124
4846,4718
4851,4655
4856,5151
4861,4895
4866,4473
4871,4974
4876,5192
4881,4517
4886,4749
4891,5357
4896,4859
4901,4565
4906,5065
4911,5029
4916,4472
4921,4783
4926,5152
4931,4665
4936,4478
4941,4994
4946,4831
4951,4402
4956,4976
4961,4958
4966,4431
4971,4648
4976,5204
4981,4746
4986,4642
4991,5089
4996,4891
5001,4427
5006,4899
5011,4966
5016,4437
5021,4727
5026,5166
5031,4646
5036,4609
5041,5221
5046,4826
5051,4599
5056,5206
5061,5050
5066,4555
5071,5009
5076,5086
5081,4599
5086,5010
5091,5396
5096,4717
5101,4788
5106,5300
5111,4846
5116,4743
5121,5365
5126,5081
5131,4757
5136,5458
5141,5388
5146,4819
5151,5349
5156,5494
5161,4952
5166,5165
5171,5503
5176,4947
5181,5019
5186,5543
5191,5163
5196,4874
5201,5453
5206,5294
5211,4742
5216,5227
5221,5138
5226,4419
5231,4666
5236,4380
5241,4214
5246,4098
5251,4271
5256,4383
5261,4098
5266,3909
5271,4532
5276,4577
5281,4063
5286,4261
5291,4748
5296,4515
5301,4279
5306,4906
5311,4946
5316,4495
5321,4623
5326,5184
5331,4874
5336,4637
5341,5305
5346,5208
5351,4717
5356,5214
5361,5371
5366,4897
5371,5207
5376,5641
5381,5065
5386,5023
5391,5739
5396,5314
5401,4904
5406,5384
5411,5315
5416,4859
5421,5375
5426,5750
5431,5233
5436,5286
5441,5759
5446,5322
5451,5061
5456,5705
5461,5579
5466,4999
5471,5449
5476,5496
5481,4887
5486,5271
5491,5491
5496,4846
5501,5047
5506,5535
5511,5066
5516,5141
5521,5685
5526,5051
5531,4804
5536,5438
5541,5145
5546,4844
5551,5718
5556,5447
5561,5046
5566,5607
5571,5347
5576,4987
5581,5819
5586,5682
5591,5217
5596,5850
5601,5654
5606,5146
5611,5813
5616,5599
5621,5026
5626,5564
5631,5423
5636,4944
5641,5530
5646,5455
5651,5092
5656,5787
5661,5526
5666,5038
5671,5543
5676,5226
5681,4830
5686,5053
5691,4682
5696,4383
5701,4749
5706,4972
5711,4564
5716,5027
5721,5374
5726,4959
5731,5183
5736,5743
5741,5322
5746,5164
5751,5717
5756,5335
5761,5098
5766,5892
5771,5564
5776,5225
5781,6136
5786,6023
5791,5598
5796,6196
5801,6152
5806,5576
5811,6125
5816,6183
5821,5463
5826,5827
5831,6100
5836,5354
5841,5498
5846,5918
5851,5348
5856,5249
5861,5587
5866,4914
5871,4903
5876,5802
5881,5385
5886,5332
5891,5990
5896,5403
5901,5413
5906,6061
5911,5368
5916,5515
5921,6136
5926,5491
5931,5664
5936,6056
5941,5405
5946,5693
5951,5805
5956,5144
5961,5783
5966,6051
5971,5372
5976,5956
5981,6014
5986,5507
5991,6185
5996,5900
6001,5361
6006,6147
6011,5839
6016,5647
6021,6343
6026,5808
6031,5863
6036,6398
6041,5767
6046,6149
6051,6559
6056,5734
6061,6249
6066,6254
6071,5528
6076,6380
6081,6254
6086,5682
6091,6336
6096,6085
6101,5610
6106,6433
6111,5856
6116,5643
6121,6495
6126,5796
6131,5891
6136,6458
6141,5709
6146,6111
6151,6368
6156,5593
6161,6179
6166,6206
6171,5552
6176,6370
6181,5911
6186,5513
6191,6019
6196,5580
6201,5788
6206,6400
6211,5600
6216,6157
6221,6109
6226,5313
6231,5898
6236,5239
6241,5210
6246,5818
6251,4818
6256,4815
6261,3642
6266,2702
6271,2072
6276,1651
6281,1356
6286,1184
6291,1070
6296,1010
6301,982
6306,961
